1,2,384.85,50.27,10.69,7.27,1,-1,-1,-1
1,1,374.97,101.15,8.09,12.78,1,-1,-1,-1
2,2,384.31,51.67,11.61,7.62,1,-1,-1,-1
2,1,375.86,104.11,7.07,10.21,1,-1,-1,-1
3,2,381.72,51.84,14.15,8.66,1,-1,-1,-1
3,1,375.79,103.82,7.87,11.30,1,-1,-1,-1
4,2,381.61,51.73,14.85,8.96,1,-1,-1,-1
4,1,375.87,102.74,7.88,12.13,1,-1,-1,-1
5,2,381.64,51.91,14.91,9.33,1,-1,-1,-1
5,1,375.74,102.63,8.04,12.62,1,-1,-1,-1
6,2,380.75,51.70,15.62,10.13,1,-1,-1,-1
6,1,375.67,101.81,8.24,13.08,1,-1,-1,-1
9,1,374.11,101.70,11.81,10.84,1,-1,-1,-1
10,1,372.25,102.65,14.85,10.01,1,-1,-1,-1
11,1,369.72,103.46,19.20,9.29,1,-1,-1,-1
12,1,370.06,103.80,21.57,9.00,1,-1,-1,-1
13,1,369.70,104.02,26.43,9.56,1,-1,-1,-1
14,1,370.26,104.21,29.51,10.59,1,-1,-1,-1
20,4,383.99,197.77,12.62,10.57,1,-1,-1,-1
21,4,385.71,198.12,15.48,11.10,1,-1,-1,-1
22,5,78.72,175.40,8.83,17.11,1,-1,-1,-1
22,4,386.74,199.91,16.67,9.06,1,-1,-1,-1
23,5,79.26,175.98,9.13,18.53,1,-1,-1,-1
23,4,387.42,201.37,16.46,9.34,1,-1,-1,-1
24,4,388.88,202.26,17.51,8.42,1,-1,-1,-1
25,4,390.40,201.65,18.77,8.29,1,-1,-1,-1
26,7,336.28,31.51,9.08,11.89,1,-1,-1,-1
26,6,76.97,172.63,11.21,23.12,1,-1,-1,-1
26,4,390.26,201.51,21.66,7.83,1,-1,-1,-1
27,7,338.04,31.17,9.42,11.83,1,-1,-1,-1
27,6,76.77,172.51,12.92,23.17,1,-1,-1,-1
27,4,390.71,201.13,24.02,7.73,1,-1,-1,-1
28,7,338.45,30.39,9.81,12.37,1,-1,-1,-1
28,6,76.44,172.32,16.60,23.66,1,-1,-1,-1
28,4,391.58,200.10,24.32,8.34,1,-1,-1,-1
29,7,338.03,29.93,10.26,13.44,1,-1,-1,-1
29,6,76.57,172.04,18.10,27.16,1,-1,-1,-1
29,4,390.56,200.44,27.01,8.29,1,-1,-1,-1
30,7,338.54,30.57,10.45,13.34,1,-1,-1,-1
30,6,77.28,174.11,17.77,24.79,1,-1,-1,-1
31,7,338.39,30.89,11.16,13.07,1,-1,-1,-1
31,6,75.90,172.59,18.85,28.08,1,-1,-1,-1
32,11,193.92,380.91,16.43,23.06,1,-1,-1,-1
32,7,337.97,30.66,12.48,13.68,1,-1,-1,-1
32,6,75.24,172.11,19.30,29.06,1,-1,-1,-1
32,4,387.00,198.56,30.14,9.72,1,-1,-1,-1
33,12,206.80,279.66,19.65,9.97,1,-1,-1,-1
33,11,192.85,381.27,18.85,22.84,1,-1,-1,-1
33,7,337.93,30.60,12.40,14.13,1,-1,-1,-1
33,6,74.66,171.21,19.70,29.91,1,-1,-1,-1
33,4,386.50,196.07,30.24,12.99,1,-1,-1,-1
34,13,144.91,433.64,14.59,9.64,1,-1,-1,-1
34,12,206.52,279.95,20.67,10.76,1,-1,-1,-1
34,11,193.35,381.30,18.78,23.11,1,-1,-1,-1
34,7,337.67,30.29,12.39,14.50,1,-1,-1,-1
34,6,74.49,170.85,20.26,30.41,1,-1,-1,-1
34,4,385.25,195.26,32.39,13.51,1,-1,-1,-1
35,13,141.90,433.45,19.70,11.32,1,-1,-1,-1
35,12,204.80,280.06,22.48,14.05,1,-1,-1,-1
35,11,193.48,380.45,19.32,25.27,1,-1,-1,-1
35,7,337.70,30.52,13.04,14.62,1,-1,-1,-1
35,6,75.01,170.48,19.92,31.90,1,-1,-1,-1
35,4,384.14,195.53,33.38,12.54,1,-1,-1,-1
36,13,140.08,433.25,21.66,12.33,1,-1,-1,-1
36,12,203.62,279.90,24.32,16.05,1,-1,-1,-1
36,11,191.76,381.42,20.86,27.23,1,-1,-1,-1
36,7,336.64,31.90,14.33,13.49,1,-1,-1,-1
36,6,74.79,170.68,19.91,33.60,1,-1,-1,-1
36,4,383.56,196.49,34.47,11.68,1,-1,-1,-1
37,13,139.01,434.23,23.05,12.54,1,-1,-1,-1
37,12,202.37,280.39,26.88,17.86,1,-1,-1,-1
37,11,190.68,381.85,21.61,28.98,1,-1,-1,-1
37,7,336.95,32.31,14.52,13.01,1,-1,-1,-1
37,6,74.48,170.18,19.86,34.42,1,-1,-1,-1
37,4,382.75,197.81,35.35,10.48,1,-1,-1,-1
38,13,136.94,433.84,25.33,12.50,1,-1,-1,-1
38,12,201.64,279.02,28.73,19.39,1,-1,-1,-1
38,11,189.97,380.27,22.34,29.43,1,-1,-1,-1
38,7,336.90,32.25,14.68,12.24,1,-1,-1,-1
38,6,74.30,170.44,19.98,33.63,1,-1,-1,-1
38,4,382.47,197.19,36.33,10.93,1,-1,-1,-1
39,13,135.76,433.83,24.85,12.03,1,-1,-1,-1
39,12,199.50,279.26,32.23,19.64,1,-1,-1,-1
39,11,189.63,379.70,23.56,28.64,1,-1,-1,-1
39,7,336.99,32.33,14.16,12.16,1,-1,-1,-1
39,6,75.30,172.66,18.89,33.40,1,-1,-1,-1
39,4,382.67,198.19,37.75,10.12,1,-1,-1,-1
40,13,135.87,435.23,26.84,11.61,1,-1,-1,-1
40,12,198.53,279.57,33.80,19.40,1,-1,-1,-1
40,11,187.96,379.85,25.52,29.10,1,-1,-1,-1
40,7,335.94,32.24,14.65,12.31,1,-1,-1,-1
40,6,74.33,171.86,18.27,33.83,1,-1,-1,-1
40,4,382.03,198.13,36.88,9.85,1,-1,-1,-1
41,13,135.09,434.99,27.79,11.58,1,-1,-1,-1
41,12,197.64,279.76,33.38,19.93,1,-1,-1,-1
41,11,186.59,379.96,27.76,27.56,1,-1,-1,-1
41,7,336.14,32.22,14.06,11.13,1,-1,-1,-1
41,6,73.93,171.36,18.39,34.42,1,-1,-1,-1
41,4,381.46,198.46,37.30,9.39,1,-1,-1,-1
42,13,134.98,434.82,28.24,12.45,1,-1,-1,-1
42,12,197.58,279.21,34.08,20.32,1,-1,-1,-1
42,11,186.59,380.00,29.04,27.34,1,-1,-1,-1
42,7,335.60,32.20,14.83,10.95,1,-1,-1,-1
42,6,74.43,172.31,18.15,34.48,1,-1,-1,-1
42,4,383.64,199.37,35.62,8.79,1,-1,-1,-1
43,13,134.54,433.69,28.01,12.81,1,-1,-1,-1
43,12,198.02,278.94,34.06,21.01,1,-1,-1,-1
43,11,186.93,380.25,29.18,28.10,1,-1,-1,-1
43,7,334.88,33.24,16.03,10.24,1,-1,-1,-1
43,6,74.53,171.66,19.25,36.08,1,-1,-1,-1
43,4,383.21,199.44,36.80,8.86,1,-1,-1,-1
44,13,133.45,433.04,28.88,14.53,1,-1,-1,-1
44,12,197.85,278.89,35.74,20.60,1,-1,-1,-1
44,11,187.10,380.32,29.44,28.21,1,-1,-1,-1
44,7,334.76,32.58,16.70,11.56,1,-1,-1,-1
44,6,74.41,170.16,19.44,37.83,1,-1,-1,-1
44,4,382.41,199.57,38.20,8.58,1,-1,-1,-1
45,13,134.15,433.86,28.68,15.00,1,-1,-1,-1
45,12,197.18,278.57,35.63,21.41,1,-1,-1,-1
45,11,187.35,380.35,29.13,28.45,1,-1,-1,-1
45,7,334.82,31.90,17.84,13.20,1,-1,-1,-1
45,6,74.02,168.78,20.00,39.66,1,-1,-1,-1
45,4,383.61,199.57,36.30,8.76,1,-1,-1,-1
46,13,133.87,433.63,28.50,14.59,1,-1,-1,-1
46,12,198.46,277.16,34.33,23.19,1,-1,-1,-1
46,11,187.32,380.41,29.03,28.74,1,-1,-1,-1
46,7,334.91,30.12,19.11,16.23,1,-1,-1,-1
46,6,74.19,165.85,20.78,44.20,1,-1,-1,-1
46,4,383.16,199.63,36.94,8.77,1,-1,-1,-1
47,13,133.17,433.83,29.30,15.17,1,-1,-1,-1
47,12,197.08,278.00,34.67,23.46,1,-1,-1,-1
47,11,187.60,380.46,28.36,29.45,1,-1,-1,-1
47,7,333.92,27.42,22.58,20.57,1,-1,-1,-1
47,6,73.78,163.77,21.77,48.68,1,-1,-1,-1
47,4,381.80,199.91,38.65,8.66,1,-1,-1,-1
48,13,133.13,433.91,29.64,14.46,1,-1,-1,-1
48,12,198.26,277.90,33.84,22.80,1,-1,-1,-1
48,11,188.23,379.68,27.43,30.32,1,-1,-1,-1
48,7,333.29,23.92,26.82,27.48,1,-1,-1,-1
48,6,73.77,161.84,22.04,51.52,1,-1,-1,-1
48,4,379.24,199.21,41.90,9.75,1,-1,-1,-1
49,13,133.49,433.23,29.05,15.52,1,-1,-1,-1
49,12,198.94,278.37,32.61,23.15,1,-1,-1,-1
49,11,188.28,379.30,27.60,30.57,1,-1,-1,-1
49,6,73.85,158.07,22.31,58.23,1,-1,-1,-1
49,4,379.49,199.91,42.54,9.51,1,-1,-1,-1
50,13,133.58,433.60,28.87,15.70,1,-1,-1,-1
50,12,199.15,278.57,33.35,22.33,1,-1,-1,-1
50,11,186.79,379.87,29.52,30.29,1,-1,-1,-1
50,6,73.23,153.98,23.21,64.35,1,-1,-1,-1
50,4,377.22,199.60,45.66,10.41,1,-1,-1,-1
51,13,133.30,433.75,29.22,15.74,1,-1,-1,-1
51,12,198.43,278.27,33.76,22.67,1,-1,-1,-1
51,11,186.34,379.61,30.38,32.26,1,-1,-1,-1
51,6,72.54,150.02,24.18,71.04,1,-1,-1,-1
51,4,374.32,199.63,50.67,10.76,1,-1,-1,-1
52,13,133.75,433.95,28.80,15.36,1,-1,-1,-1
52,12,197.17,278.29,34.16,22.61,1,-1,-1,-1
52,11,183.15,378.55,34.73,34.94,1,-1,-1,-1
52,6,71.96,145.30,25.10,79.75,1,-1,-1,-1
52,4,371.77,199.53,53.92,10.90,1,-1,-1,-1
55,13,132.38,433.37,32.46,15.57,1,-1,-1,-1
55,12,197.67,278.28,32.06,22.63,1,-1,-1,-1
55,11,171.70,369.77,53.28,50.38,1,-1,-1,-1
55,6,70.58,136.82,27.16,95.85,1,-1,-1,-1
55,4,363.91,199.45,69.04,11.05,1,-1,-1,-1
56,13,130.90,433.84,34.97,15.26,1,-1,-1,-1
56,12,197.77,278.83,33.42,23.16,1,-1,-1,-1
56,11,167.93,365.94,60.14,54.96,1,-1,-1,-1
56,6,70.62,133.01,27.63,103.01,1,-1,-1,-1
56,4,363.05,199.37,72.90,11.19,1,-1,-1,-1
57,13,129.67,433.77,37.54,16.29,1,-1,-1,-1
57,12,196.97,278.96,34.01,22.74,1,-1,-1,-1
57,11,164.68,364.71,65.43,55.81,1,-1,-1,-1
57,6,71.55,132.14,25.82,106.39,1,-1,-1,-1
57,4,359.01,198.76,78.36,11.70,1,-1,-1,-1
58,13,126.32,433.73,42.57,16.03,1,-1,-1,-1
58,12,195.76,279.26,35.46,21.91,1,-1,-1,-1
58,11,160.04,361.29,72.28,59.45,1,-1,-1,-1
58,6,71.71,127.57,25.68,113.49,1,-1,-1,-1
58,4,354.50,197.44,88.00,12.86,1,-1,-1,-1
59,13,123.21,433.36,47.93,16.89,1,-1,-1,-1
59,12,195.24,278.29,37.76,22.75,1,-1,-1,-1
59,11,154.95,359.19,78.95,60.98,1,-1,-1,-1
59,4,351.91,196.66,95.24,13.29,1,-1,-1,-1
60,14,353.81,149.50,11.66,12.82,1,-1,-1,-1
60,13,120.99,433.83,53.74,17.63,1,-1,-1,-1
60,12,195.10,276.94,40.89,24.29,1,-1,-1,-1
60,11,150.13,354.26,83.64,67.32,1,-1,-1,-1
60,4,349.74,196.02,98.31,13.76,1,-1,-1,-1
63,14,352.01,150.12,12.93,15.01,1,-1,-1,-1
63,13,113.48,431.96,65.81,22.94,1,-1,-1,-1
63,12,193.86,268.94,58.19,31.80,1,-1,-1,-1
63,4,346.14,195.33,105.65,14.75,1,-1,-1,-1
64,14,351.77,150.27,12.55,14.67,1,-1,-1,-1
64,13,111.26,431.64,73.42,24.24,1,-1,-1,-1
64,12,193.35,265.00,66.64,35.60,1,-1,-1,-1
65,14,351.63,150.33,13.13,15.19,1,-1,-1,-1
65,13,107.85,431.74,81.22,24.99,1,-1,-1,-1
65,12,190.84,260.90,71.68,42.28,1,-1,-1,-1
66,14,350.48,151.06,14.13,15.95,1,-1,-1,-1
66,13,107.54,431.24,84.11,26.49,1,-1,-1,-1
66,12,189.46,258.46,74.28,44.56,1,-1,-1,-1
67,14,349.06,152.44,16.97,17.15,1,-1,-1,-1
67,13,108.73,431.54,81.97,25.30,1,-1,-1,-1
67,12,188.43,260.75,76.94,40.64,1,-1,-1,-1
68,14,347.09,153.54,22.80,17.18,1,-1,-1,-1
68,13,109.15,430.80,80.97,25.05,1,-1,-1,-1
68,12,185.72,259.97,75.41,42.62,1,-1,-1,-1
69,14,345.66,152.64,26.23,18.54,1,-1,-1,-1
69,13,113.87,429.60,74.87,24.81,1,-1,-1,-1
69,12,186.50,259.60,74.19,43.90,1,-1,-1,-1
70,15,366.64,453.03,12.65,8.47,1,-1,-1,-1
70,14,344.57,150.97,29.33,23.11,1,-1,-1,-1
70,12,189.31,258.32,70.02,46.36,1,-1,-1,-1
71,16,419.84,67.97,11.81,11.14,1,-1,-1,-1
71,15,367.44,452.78,12.97,9.61,1,-1,-1,-1
71,14,340.89,149.05,35.23,26.35,1,-1,-1,-1
71,12,201.02,257.11,60.00,45.28,1,-1,-1,-1
72,16,418.94,67.71,12.48,12.04,1,-1,-1,-1
72,15,368.73,452.68,13.20,10.98,1,-1,-1,-1
72,14,337.49,146.92,40.39,29.60,1,-1,-1,-1
72,12,199.00,256.56,62.54,47.46,1,-1,-1,-1
73,16,419.61,65.69,10.95,15.34,1,-1,-1,-1
73,15,368.35,450.66,14.49,13.10,1,-1,-1,-1
73,14,336.31,145.68,42.13,31.65,1,-1,-1,-1
73,12,197.96,255.91,64.19,47.58,1,-1,-1,-1
74,18,145.50,144.74,9.76,12.66,1,-1,-1,-1
74,16,419.50,63.95,9.81,17.68,1,-1,-1,-1
74,15,369.56,449.27,16.76,12.05,1,-1,-1,-1
74,14,335.27,145.24,44.37,32.75,1,-1,-1,-1
74,12,199.29,256.58,63.35,45.35,1,-1,-1,-1
77,19,86.65,225.59,8.64,11.39,1,-1,-1,-1
77,18,146.88,141.22,9.67,17.42,1,-1,-1,-1
77,16,419.63,62.81,8.85,20.63,1,-1,-1,-1
77,15,370.30,448.53,18.44,12.12,1,-1,-1,-1
77,14,330.95,142.78,52.26,35.61,1,-1,-1,-1
80,22,380.01,365.36,8.76,12.06,1,-1,-1,-1
80,21,221.03,355.13,8.74,9.06,1,-1,-1,-1
80,20,69.35,142.94,13.52,8.56,1,-1,-1,-1
80,19,83.13,220.75,12.11,13.58,1,-1,-1,-1
80,18,146.76,138.09,10.16,16.79,1,-1,-1,-1
80,16,414.93,63.05,12.31,20.60,1,-1,-1,-1
80,14,327.70,140.32,59.32,39.21,1,-1,-1,-1
81,25,356.85,193.16,11.07,7.28,1,-1,-1,-1
81,24,430.67,193.45,9.31,10.32,1,-1,-1,-1
81,22,380.12,365.54,9.80,13.01,1,-1,-1,-1
81,21,220.63,355.84,9.20,8.91,1,-1,-1,-1
81,19,81.64,219.93,13.75,15.61,1,-1,-1,-1
81,18,146.16,136.29,10.69,18.34,1,-1,-1,-1
81,16,413.43,64.43,12.69,21.34,1,-1,-1,-1
81,14,328.28,141.80,58.70,37.03,1,-1,-1,-1
82,25,358.13,193.06,10.13,7.19,1,-1,-1,-1
82,24,429.76,194.85,9.88,9.78,1,-1,-1,-1
82,22,380.36,365.87,9.74,12.78,1,-1,-1,-1
82,21,220.13,356.48,9.68,9.26,1,-1,-1,-1
82,19,82.08,219.77,12.87,15.77,1,-1,-1,-1
82,18,147.09,133.67,9.48,18.67,1,-1,-1,-1
82,16,413.77,64.17,12.43,21.92,1,-1,-1,-1
83,29,69.46,144.09,14.40,11.54,1,-1,-1,-1
83,25,357.22,193.88,12.35,7.87,1,-1,-1,-1
83,24,428.53,195.43,11.30,9.97,1,-1,-1,-1
83,22,380.56,365.53,10.02,14.07,1,-1,-1,-1
83,21,219.50,355.79,9.70,10.25,1,-1,-1,-1
83,19,82.01,220.03,13.15,15.55,1,-1,-1,-1
83,18,146.59,134.22,9.93,19.61,1,-1,-1,-1
83,16,413.12,64.40,13.62,22.31,1,-1,-1,-1
84,30,160.97,408.34,9.61,10.76,1,-1,-1,-1
84,29,68.64,143.86,14.34,12.49,1,-1,-1,-1
84,28,347.90,449.66,35.38,21.66,1,-1,-1,-1
84,25,356.01,194.09,14.40,7.84,1,-1,-1,-1
84,24,428.84,195.00,10.28,11.15,1,-1,-1,-1
84,22,381.01,365.17,10.21,15.22,1,-1,-1,-1
84,21,217.35,354.94,10.94,12.15,1,-1,-1,-1
84,19,81.54,219.93,13.73,16.15,1,-1,-1,-1
84,18,146.56,133.85,10.02,20.72,1,-1,-1,-1
84,16,410.18,63.82,19.57,22.56,1,-1,-1,-1
85,30,160.81,407.58,9.77,11.77,1,-1,-1,-1
85,29,68.85,142.36,13.58,14.03,1,-1,-1,-1
85,28,347.06,450.99,34.06,20.72,1,-1,-1,-1
85,25,356.22,193.73,14.52,7.50,1,-1,-1,-1
85,24,428.79,193.40,9.41,12.13,1,-1,-1,-1
85,22,380.89,363.59,10.50,16.82,1,-1,-1,-1
85,21,216.73,354.52,10.65,13.06,1,-1,-1,-1
85,19,81.24,219.68,14.12,15.35,1,-1,-1,-1
85,18,147.49,129.00,9.97,25.67,1,-1,-1,-1
85,16,407.49,61.83,28.19,26.15,1,-1,-1,-1
86,30,160.26,407.49,9.96,11.77,1,-1,-1,-1
86,29,68.70,142.17,13.78,14.13,1,-1,-1,-1
86,28,346.58,451.20,36.45,21.04,1,-1,-1,-1
86,25,355.68,193.98,15.03,7.65,1,-1,-1,-1
86,24,428.86,194.35,9.28,11.52,1,-1,-1,-1
86,22,380.73,362.40,10.63,17.71,1,-1,-1,-1
86,21,216.52,354.81,10.31,13.01,1,-1,-1,-1
86,19,80.74,220.05,14.62,14.75,1,-1,-1,-1
86,18,147.74,127.53,9.54,29.24,1,-1,-1,-1
86,16,407.37,59.78,29.76,29.69,1,-1,-1,-1
87,32,175.34,443.64,8.62,13.64,1,-1,-1,-1
87,30,159.95,407.42,10.13,12.01,1,-1,-1,-1
87,29,68.87,142.04,13.30,14.29,1,-1,-1,-1
87,28,346.69,448.18,38.71,23.79,1,-1,-1,-1
87,25,355.44,193.62,15.67,7.64,1,-1,-1,-1
87,24,428.46,193.91,9.05,11.59,1,-1,-1,-1
87,22,382.43,362.01,10.12,18.14,1,-1,-1,-1
87,21,215.90,354.94,10.99,13.47,1,-1,-1,-1
87,19,80.17,219.36,14.67,15.66,1,-1,-1,-1
87,18,146.83,123.05,8.88,35.30,1,-1,-1,-1
87,16,405.60,59.77,31.65,29.58,1,-1,-1,-1
88,32,175.13,443.47,8.20,14.12,1,-1,-1,-1
88,30,160.49,407.53,9.68,11.79,1,-1,-1,-1
88,29,68.54,142.97,13.83,13.70,1,-1,-1,-1
88,28,346.27,447.01,42.22,25.67,1,-1,-1,-1
88,25,355.23,193.99,15.91,7.63,1,-1,-1,-1
88,24,428.68,193.86,8.60,12.01,1,-1,-1,-1
88,22,382.49,363.66,12.49,16.63,1,-1,-1,-1
88,21,215.38,355.78,11.10,13.10,1,-1,-1,-1
88,19,80.26,219.78,14.78,15.19,1,-1,-1,-1
88,18,147.40,119.76,8.17,41.14,1,-1,-1,-1
88,16,405.20,58.54,33.43,31.34,1,-1,-1,-1
89,32,174.61,443.27,8.44,14.32,1,-1,-1,-1
89,31,110.18,432.98,12.82,7.59,1,-1,-1,-1
89,30,160.38,406.90,9.92,12.42,1,-1,-1,-1
89,29,68.42,142.67,13.81,13.75,1,-1,-1,-1
89,28,346.41,447.27,39.10,25.67,1,-1,-1,-1
89,25,355.59,193.54,17.10,8.29,1,-1,-1,-1
89,24,428.06,194.60,9.36,11.48,1,-1,-1,-1
89,22,383.17,362.91,13.80,16.62,1,-1,-1,-1
89,21,215.61,355.95,10.84,12.88,1,-1,-1,-1
89,19,80.12,219.20,14.67,16.32,1,-1,-1,-1
89,18,147.48,115.32,7.46,49.24,1,-1,-1,-1
89,16,404.00,57.74,35.71,33.18,1,-1,-1,-1
90,32,174.97,443.17,8.46,14.84,1,-1,-1,-1
90,31,109.89,432.78,14.33,7.57,1,-1,-1,-1
90,30,160.62,407.53,9.65,11.43,1,-1,-1,-1
90,29,68.63,142.37,13.34,14.04,1,-1,-1,-1
90,28,347.20,445.26,42.75,26.85,1,-1,-1,-1
90,25,355.67,193.61,17.87,8.19,1,-1,-1,-1
90,24,427.82,194.37,9.62,11.83,1,-1,-1,-1
90,22,383.83,361.39,14.64,17.90,1,-1,-1,-1
90,21,215.92,356.12,10.68,12.76,1,-1,-1,-1
90,19,79.82,219.10,15.05,16.30,1,-1,-1,-1
90,18,147.62,113.10,7.11,52.51,1,-1,-1,-1
90,16,402.92,56.37,38.80,35.03,1,-1,-1,-1
91,33,199.62,294.05,11.21,7.58,1,-1,-1,-1
91,32,174.54,443.33,8.76,14.33,1,-1,-1,-1
91,31,108.88,432.73,15.29,7.75,1,-1,-1,-1
91,30,160.59,407.81,9.59,10.57,1,-1,-1,-1
91,29,68.96,142.87,13.14,13.43,1,-1,-1,-1
91,28,350.04,445.12,41.80,25.88,1,-1,-1,-1
91,25,355.22,193.63,18.58,8.37,1,-1,-1,-1
91,24,427.64,195.31,10.52,10.62,1,-1,-1,-1
91,22,383.86,359.40,16.22,20.91,1,-1,-1,-1
91,21,216.03,356.24,10.59,12.65,1,-1,-1,-1
91,19,79.60,220.05,15.39,15.75,1,-1,-1,-1
91,18,147.78,110.80,6.72,54.62,1,-1,-1,-1
91,16,403.14,55.64,39.43,36.74,1,-1,-1,-1
92,35,280.79,91.58,9.51,18.01,1,-1,-1,-1
92,32,174.73,443.07,8.75,14.98,1,-1,-1,-1
92,31,109.22,432.65,15.75,7.81,1,-1,-1,-1
92,30,160.59,407.68,9.74,10.64,1,-1,-1,-1
92,29,68.80,143.14,13.78,12.37,1,-1,-1,-1
92,28,351.33,444.62,42.73,25.88,1,-1,-1,-1
92,25,355.34,193.75,18.26,8.30,1,-1,-1,-1
92,24,426.85,195.26,10.93,10.58,1,-1,-1,-1
92,22,383.76,357.33,17.40,23.91,1,-1,-1,-1
92,21,216.43,355.88,10.24,12.70,1,-1,-1,-1
92,19,79.79,220.45,14.84,15.43,1,-1,-1,-1
92,18,147.01,111.47,7.20,53.55,1,-1,-1,-1
93,36,240.13,263.56,13.46,8.42,1,-1,-1,-1
93,35,280.63,89.46,9.31,22.12,1,-1,-1,-1
93,32,174.50,442.76,8.70,15.10,1,-1,-1,-1
93,31,109.21,432.43,16.39,8.22,1,-1,-1,-1
93,30,159.64,407.38,10.39,11.20,1,-1,-1,-1
93,29,68.47,143.47,14.09,12.45,1,-1,-1,-1
93,28,351.55,441.73,45.75,28.88,1,-1,-1,-1
93,25,355.37,193.93,17.90,8.30,1,-1,-1,-1
93,24,426.79,194.89,10.93,10.73,1,-1,-1,-1
93,22,383.83,356.58,17.64,25.58,1,-1,-1,-1
93,21,216.46,355.81,10.45,12.49,1,-1,-1,-1
93,19,79.34,220.75,15.58,15.01,1,-1,-1,-1
93,18,146.61,112.04,7.63,53.63,1,-1,-1,-1
94,36,240.92,263.57,13.76,8.10,1,-1,-1,-1
94,35,278.00,86.87,11.98,25.18,1,-1,-1,-1
94,33,198.45,291.95,16.48,8.76,1,-1,-1,-1
94,32,174.46,442.67,8.92,15.14,1,-1,-1,-1
94,31,109.10,432.29,16.56,8.50,1,-1,-1,-1
94,30,160.14,406.93,10.17,11.13,1,-1,-1,-1
94,29,68.85,143.48,14.00,12.52,1,-1,-1,-1
94,28,352.12,440.68,46.52,29.66,1,-1,-1,-1
94,25,355.65,193.63,18.16,8.64,1,-1,-1,-1
94,24,427.63,195.14,10.15,10.31,1,-1,-1,-1
94,22,383.87,355.68,17.16,27.30,1,-1,-1,-1
94,21,216.80,356.27,10.16,12.01,1,-1,-1,-1
94,19,79.49,220.96,15.53,14.92,1,-1,-1,-1
94,18,146.72,110.22,8.08,57.96,1,-1,-1,-1
95,36,240.75,263.34,15.03,8.04,1,-1,-1,-1
95,35,277.07,87.01,11.57,27.78,1,-1,-1,-1
95,32,174.62,442.98,8.93,15.34,1,-1,-1,-1
95,31,109.03,432.37,15.97,8.31,1,-1,-1,-1
95,30,159.91,406.73,10.59,11.22,1,-1,-1,-1
95,29,68.73,143.90,14.83,11.46,1,-1,-1,-1
95,28,351.15,440.72,48.47,29.63,1,-1,-1,-1
95,25,356.19,193.68,17.54,8.86,1,-1,-1,-1
95,24,427.88,194.90,10.10,10.96,1,-1,-1,-1
95,22,383.67,354.19,17.88,31.33,1,-1,-1,-1
95,21,216.56,356.59,10.43,11.79,1,-1,-1,-1
95,19,79.24,220.89,16.14,14.35,1,-1,-1,-1
95,18,145.89,107.33,8.64,59.42,1,-1,-1,-1
96,37,197.90,291.86,17.21,9.35,1,-1,-1,-1
96,36,240.44,263.69,15.87,8.00,1,-1,-1,-1
96,35,276.48,85.56,12.23,29.47,1,-1,-1,-1
96,32,174.14,442.55,8.97,17.03,1,-1,-1,-1
96,31,109.15,432.40,16.73,8.34,1,-1,-1,-1
96,30,159.82,406.36,10.91,11.49,1,-1,-1,-1
96,29,68.08,144.01,15.60,11.25,1,-1,-1,-1
96,28,351.33,439.35,49.12,31.30,1,-1,-1,-1
96,25,355.73,193.21,18.27,9.11,1,-1,-1,-1
96,24,427.88,194.67,9.87,10.93,1,-1,-1,-1
96,22,384.34,352.01,16.20,35.81,1,-1,-1,-1
96,21,216.28,356.26,10.78,12.29,1,-1,-1,-1
96,19,78.58,220.21,17.72,14.51,1,-1,-1,-1
96,18,145.15,105.24,10.10,63.49,1,-1,-1,-1
97,37,197.57,290.91,18.05,10.81,1,-1,-1,-1
97,36,240.51,262.92,14.99,7.98,1,-1,-1,-1
97,35,276.57,84.43,12.49,30.98,1,-1,-1,-1
97,32,173.93,442.70,8.92,16.25,1,-1,-1,-1
97,31,108.59,432.09,17.66,8.64,1,-1,-1,-1
97,30,158.81,406.54,11.70,11.42,1,-1,-1,-1
97,29,67.59,142.64,16.19,13.66,1,-1,-1,-1
97,28,352.20,436.94,51.06,34.04,1,-1,-1,-1
97,25,355.78,192.97,17.79,8.89,1,-1,-1,-1
97,24,427.60,194.34,10.40,10.21,1,-1,-1,-1
97,22,384.32,350.33,16.35,38.63,1,-1,-1,-1
97,21,216.01,355.68,11.24,12.87,1,-1,-1,-1
97,19,77.89,219.13,18.18,15.99,1,-1,-1,-1
97,18,143.81,102.90,11.92,68.99,1,-1,-1,-1
98,37,198.44,291.13,16.85,11.05,1,-1,-1,-1
98,36,240.42,262.58,14.96,8.59,1,-1,-1,-1
98,35,276.60,84.30,12.94,30.58,1,-1,-1,-1
98,32,173.59,442.95,8.62,16.30,1,-1,-1,-1
98,31,108.78,431.98,17.33,8.72,1,-1,-1,-1
98,30,158.19,406.82,12.16,11.84,1,-1,-1,-1
98,29,67.59,141.21,15.93,17.51,1,-1,-1,-1
98,25,355.73,192.90,18.48,8.93,1,-1,-1,-1
98,24,427.14,194.72,10.48,10.57,1,-1,-1,-1
98,22,384.48,349.14,16.59,40.57,1,-1,-1,-1
98,21,215.90,356.65,11.02,12.41,1,-1,-1,-1
98,19,77.22,217.65,19.06,20.10,1,-1,-1,-1
98,18,142.90,102.81,13.45,69.39,1,-1,-1,-1
99,37,198.98,290.23,16.24,12.01,1,-1,-1,-1
99,36,240.63,262.80,14.51,8.13,1,-1,-1,-1
99,35,275.89,83.78,13.15,30.89,1,-1,-1,-1
99,32,173.45,442.85,8.27,15.69,1,-1,-1,-1
99,31,109.27,431.81,17.11,8.61,1,-1,-1,-1
99,30,157.72,406.69,13.28,11.86,1,-1,-1,-1
99,29,68.05,138.94,14.89,24.61,1,-1,-1,-1
99,25,355.81,192.61,18.48,9.13,1,-1,-1,-1
99,24,426.93,194.28,10.86,11.04,1,-1,-1,-1
99,22,384.70,348.50,17.31,42.24,1,-1,-1,-1
99,21,215.53,355.33,11.46,13.58,1,-1,-1,-1
99,19,76.31,213.10,19.34,26.98,1,-1,-1,-1
99,18,142.21,102.89,14.67,71.89,1,-1,-1,-1
100,37,198.66,289.00,17.26,12.81,1,-1,-1,-1
100,36,239.77,263.49,16.29,8.45,1,-1,-1,-1
100,35,275.58,85.47,13.01,30.52,1,-1,-1,-1
100,32,173.21,442.84,8.22,16.01,1,-1,-1,-1
100,31,108.22,431.88,18.54,8.71,1,-1,-1,-1
100,30,156.32,406.19,15.90,11.87,1,-1,-1,-1
100,29,67.54,134.38,14.11,35.80,1,-1,-1,-1
100,25,354.43,192.78,20.31,9.10,1,-1,-1,-1
100,24,425.54,194.38,12.84,10.39,1,-1,-1,-1
100,22,384.57,347.43,17.56,45.27,1,-1,-1,-1
100,21,214.45,352.46,13.06,19.64,1,-1,-1,-1
100,19,74.21,205.93,20.24,38.18,1,-1,-1,-1
100,18,141.15,101.37,16.02,77.32,1,-1,-1,-1
101,37,198.69,288.35,17.74,12.62,1,-1,-1,-1
101,36,239.64,263.42,17.08,8.46,1,-1,-1,-1
101,35,275.24,85.62,12.35,31.83,1,-1,-1,-1
101,32,173.26,442.42,8.09,16.25,1,-1,-1,-1
101,31,108.23,431.10,19.06,9.23,1,-1,-1,-1
101,29,68.00,129.31,12.23,48.26,1,-1,-1,-1
101,25,352.88,191.20,24.20,10.04,1,-1,-1,-1
101,24,423.81,194.54,16.90,9.44,1,-1,-1,-1
101,22,384.64,346.41,18.21,47.38,1,-1,-1,-1
101,19,73.45,199.32,20.12,49.53,1,-1,-1,-1
101,18,141.01,102.15,17.51,79.39,1,-1,-1,-1
102,37,198.55,287.49,18.15,12.16,1,-1,-1,-1
102,36,239.11,262.95,16.64,8.47,1,-1,-1,-1
102,35,274.11,84.66,12.91,32.93,1,-1,-1,-1
102,32,173.01,441.90,7.98,16.86,1,-1,-1,-1
102,31,107.40,431.47,19.12,9.02,1,-1,-1,-1
102,29,68.14,128.03,10.75,55.91,1,-1,-1,-1
102,25,349.78,191.20,29.59,10.25,1,-1,-1,-1
102,24,420.31,194.70,23.22,9.54,1,-1,-1,-1
102,22,384.59,344.38,18.95,51.20,1,-1,-1,-1
102,19,73.11,195.53,20.27,55.86,1,-1,-1,-1
102,18,140.94,103.34,18.61,80.28,1,-1,-1,-1
103,37,198.24,288.05,18.65,11.67,1,-1,-1,-1
103,36,240.13,263.07,15.47,8.49,1,-1,-1,-1
103,35,274.88,86.10,12.46,31.18,1,-1,-1,-1
103,32,172.78,441.46,8.26,17.10,1,-1,-1,-1
103,31,107.65,431.45,19.19,9.42,1,-1,-1,-1
103,25,344.36,192.07,38.07,9.59,1,-1,-1,-1
103,24,412.99,194.99,34.86,8.73,1,-1,-1,-1
103,19,73.89,186.88,19.68,71.03,1,-1,-1,-1
103,18,142.64,106.64,18.34,78.73,1,-1,-1,-1
104,37,198.13,288.37,18.45,11.50,1,-1,-1,-1
104,36,239.76,263.62,15.67,8.36,1,-1,-1,-1
104,35,274.88,87.18,12.12,30.44,1,-1,-1,-1
104,32,172.66,441.48,8.45,17.24,1,-1,-1,-1
104,31,107.30,432.02,18.85,9.02,1,-1,-1,-1
104,24,406.56,195.04,47.09,8.67,1,-1,-1,-1
104,19,73.84,191.92,19.78,67.60,1,-1,-1,-1
104,18,144.97,113.30,17.24,79.79,1,-1,-1,-1
107,37,198.78,288.35,18.58,12.43,1,-1,-1,-1
107,36,237.95,263.50,17.27,8.84,1,-1,-1,-1
107,35,273.83,85.97,12.31,30.18,1,-1,-1,-1
107,32,171.54,438.80,11.71,23.44,1,-1,-1,-1
107,31,104.62,431.49,28.71,11.60,1,-1,-1,-1
108,45,149.17,357.10,114.81,73.95,1,-1,-1,-1
108,37,198.95,287.73,17.89,12.09,1,-1,-1,-1
108,36,237.47,263.45,17.78,8.68,1,-1,-1,-1
108,35,273.29,84.94,12.50,30.91,1,-1,-1,-1
108,32,169.67,435.92,15.03,27.09,1,-1,-1,-1
108,31,101.52,431.17,36.04,13.02,1,-1,-1,-1
109,37,198.99,286.96,18.12,13.04,1,-1,-1,-1
109,36,236.94,263.61,18.14,8.47,1,-1,-1,-1
109,35,273.59,83.24,11.55,31.93,1,-1,-1,-1
110,37,198.05,286.56,19.47,12.94,1,-1,-1,-1
110,36,236.41,263.93,18.77,8.31,1,-1,-1,-1
110,35,273.15,83.20,12.89,33.90,1,-1,-1,-1
111,37,197.25,284.94,21.33,15.27,1,-1,-1,-1
111,36,235.65,264.57,19.41,7.90,1,-1,-1,-1
111,35,273.06,83.13,14.14,36.14,1,-1,-1,-1
112,37,197.26,279.71,25.45,20.62,1,-1,-1,-1
112,36,234.07,264.57,20.91,7.67,1,-1,-1,-1
112,35,273.33,81.23,14.45,39.97,1,-1,-1,-1
113,37,197.10,274.46,30.00,25.13,1,-1,-1,-1
113,36,230.86,263.90,24.22,8.38,1,-1,-1,-1
113,35,274.39,78.81,13.55,47.24,1,-1,-1,-1
114,37,196.16,272.37,35.10,26.88,1,-1,-1,-1
114,36,229.19,263.87,26.40,8.57,1,-1,-1,-1
114,35,274.19,73.80,14.32,56.40,1,-1,-1,-1
115,37,197.43,269.91,36.03,27.58,1,-1,-1,-1
115,36,227.95,263.49,28.14,9.41,1,-1,-1,-1
115,35,273.61,68.19,15.61,66.80,1,-1,-1,-1
116,37,198.82,269.29,37.04,26.32,1,-1,-1,-1
116,35,274.80,66.46,16.28,71.90,1,-1,-1,-1
117,37,199.03,270.55,35.02,24.66,1,-1,-1,-1
117,35,275.19,63.11,18.86,79.03,1,-1,-1,-1
118,37,198.58,270.75,37.11,25.09,1,-1,-1,-1
118,35,274.64,58.94,22.73,89.19,1,-1,-1,-1
119,37,199.16,271.06,36.18,24.83,1,-1,-1,-1
119,35,273.98,56.74,26.68,92.38,1,-1,-1,-1
120,37,199.65,271.22,35.03,24.50,1,-1,-1,-1
120,35,273.00,55.05,30.16,97.21,1,-1,-1,-1
121,37,199.85,270.90,34.37,25.12,1,-1,-1,-1
121,35,272.28,53.25,32.64,99.80,1,-1,-1,-1
122,35,272.18,52.12,33.66,101.01,1,-1,-1,-1
123,35,272.40,55.05,36.12,96.87,1,-1,-1,-1
124,35,271.52,63.77,39.88,73.40,1,-1,-1,-1
125,35,274.44,61.83,39.47,79.68,1,-1,-1,-1
126,35,272.08,57.92,39.77,84.98,1,-1,-1,-1
138,52,450.14,315.80,18.93,20.07,1,-1,-1,-1
139,52,448.62,316.93,21.68,20.04,1,-1,-1,-1
140,52,445.91,317.74,25.16,19.60,1,-1,-1,-1
141,52,443.49,318.11,27.37,18.49,1,-1,-1,-1
142,52,443.34,317.68,29.61,18.14,1,-1,-1,-1
143,52,441.71,318.40,30.84,18.54,1,-1,-1,-1
144,52,441.73,317.90,32.09,18.78,1,-1,-1,-1
145,52,442.29,318.33,31.00,17.86,1,-1,-1,-1
146,52,441.84,318.82,30.18,17.51,1,-1,-1,-1
147,52,441.68,318.93,29.47,17.22,1,-1,-1,-1
148,52,442.03,318.66,29.40,17.18,1,-1,-1,-1
149,52,441.43,318.82,29.94,17.27,1,-1,-1,-1
150,52,439.81,319.74,30.30,18.04,1,-1,-1,-1
151,52,439.99,319.72,31.89,18.00,1,-1,-1,-1
152,52,439.77,319.17,33.89,18.89,1,-1,-1,-1
153,52,438.88,319.01,36.91,19.12,1,-1,-1,-1
154,56,311.50,268.31,15.92,16.39,1,-1,-1,-1
154,52,437.34,319.70,41.77,17.55,1,-1,-1,-1
